%YAML:1.0
---
R: !!opencv-matrix
   rows: 3
   cols: 3
   dt: d
   data: [ 9.9998525623792089e-01, 3.5314114858776844e-03,
       4.1250987499918115e-03, -3.5020114411439002e-03,
       9.9996857203650924e-01, -7.1127248738258250e-03,
       -4.1500870648541891e-03, 7.0981738624842482e-03,
       9.9996619578122348e-01 ]
R: T
R: !!opencv-matrix
   rows: 3
   cols: 1
   dt: d
   data: [ -6.6541612025985515e+01, 7.3831292545520688e-01,
       -9.7018643367009050e-02 ]
Rl: !!opencv-matrix
   rows: 3
   cols: 3
   dt: d
   data: [ 9.9995544865126562e-01, -7.5529246806361064e-03,
       5.6616288658566383e-03, 7.5730130293694955e-03,
       9.9996507546178270e-01, -3.5351563427837725e-03,
       -5.6347303664916106e-03, 3.5778744359693084e-03,
       9.9997772406600016e-01 ]
Rl: Rr
Rl: !!opencv-matrix
   rows: 3
   cols: 3
   dt: d
   data: [ 9.9993738783922914e-01, -1.1094812337869357e-02,
       1.4579233334808396e-03, 1.1089606658621744e-02,
       9.9993227241207838e-01, 3.5314604590452286e-03,
       -1.4970054829217898e-03, -3.5150715503684759e-03,
       9.9999270159665665e-01 ]
Pl: !!opencv-matrix
   rows: 3
   cols: 4
   dt: d
   data: [ 5.3500950686330464e+02, 0., 3.3645745086669922e+02, 0., 0.,
       5.3500950686330464e+02, 2.4429025650024414e+02, 0., 0., 0., 1.,
       0. ]
Pl: Pr
Pl: !!opencv-matrix
   rows: 3
   cols: 4
   dt: d
   data: [ 5.3500950686330464e+02, 0., 3.3645745086669922e+02,
       -3.5602624193141688e+04, 0., 5.3500950686330464e+02,
       2.4429025650024414e+02, 0., 0., 0., 1., 0. ]
Q: !!opencv-matrix
   rows: 4
   cols: 4
   dt: d
   data: [ 1., 0., 0., -3.3645745086669922e+02, 0., 1., 0.,
       -2.4429025650024414e+02, 0., 0., 0., 5.3500950686330464e+02, 0.,
       0., 1.5027249226374896e-02, 0. ]
